%TITLE%
    REANALYSIS   740403/1800
    
    LEVEL       HGHT       TEMP       DWPT       WDIR       WSPD
    -------------------------------------------------------------------
    %RAW%
   1000.00,      27.59,      24.66,      21.76,     182.68,       9.07
    975.00,     245.24,      23.49,      20.59,     182.50,       9.95
    950.00,     472.14,      21.50,      19.48,     185.02,      25.09
    925.00,     703.40,      19.53,      18.58,     189.89,      35.59
    900.00,     939.56,      18.13,      17.41,     196.04,      46.19
    875.00,    1181.71,      17.04,      15.72,     203.55,      51.94
    850.00,    1429.31,      15.65,      14.27,     209.81,      52.63
    825.00,    1682.90,      14.44,      12.69,     215.28,      52.97
    800.00,    1943.02,      13.15,      11.06,     218.76,      52.86
    775.00,    2210.23,      11.79,       9.01,     220.78,      53.03
    750.00,    2484.53,      10.21,       6.71,     223.28,      53.37
    700.00,    3057.09,       7.89,      -3.29,     228.97,      60.98
    650.00,    3664.53,       3.82,     -15.50,     224.52,      57.06
    600.00,    4307.96,      -1.84,     -17.35,     225.37,      55.47
    550.00,    4992.83,      -7.89,     -20.48,     228.08,      59.41
    500.00,    5727.88,     -12.20,     -34.72,     228.11,      65.63
    450.00,    6526.72,     -17.64,     -34.27,     235.32,      70.38
    400.00,    7397.03,     -24.98,     -33.56,     242.16,      73.10
    350.00,    8354.10,     -32.79,     -39.85,     245.23,      70.56
    300.00,    9421.96,     -41.64,     -43.77,     246.63,      69.03
    250.00,   10633.40,     -52.11,     -58.42,     247.73,      68.96
    225.00,   11308.74,     -57.66,     -60.03,     248.62,      76.96
    200.00,   12045.78,     -61.36,     -63.72,     253.60,      84.36
    175.00,   12881.63,     -59.01,     -69.34,     252.19,      64.85
    150.00,   13847.44,     -62.59,     -71.79,     247.53,      64.03
    125.00,   14970.03,     -64.33,     -83.19,     245.10,      59.96
    100.00,   16333.05,     -65.04,     -82.45,     251.43,      53.60
     70.00,   18499.59,     -66.41,     -84.07,     232.17,      18.04
     50.00,   20587.85,     -59.85,     -86.10,     213.22,       1.78
     30.00,   23835.98,     -55.40,     -88.73,      86.99,      11.10
     20.00,   26448.69,     -52.66,     -90.90,     281.76,       1.01
     10.00,   30998.11,     -48.27,     -94.16,     248.67,       9.57
      7.00,   33395.64,     -43.37,     -96.01,     267.68,      21.62
      5.00,   35747.75,     -28.62,     -98.32,     259.67,      37.51
%END%
